Hun,Lan,Old
0,0,0
0,0,0
0,0,0
0,0,0
0,0,0
0,0,0
meztelen,"mećɜ-, meśɜ-",Ug
0,0,0
0,0,0
0,0,0
0,0,0
0,0,0
nevet-,mȣ̈kɜ-  (mȣ̈γɜ-),Ug
méltó,mȣ̈lɜ-,Fogalomkör
0,0,0
0,0,0
0,0,0
0,0,0
0,0,0
0,0,0
0,0,0
0,0,0
fekély,pekkɜ,Ug
0,0,0
0,0,0
0,0,0
0,0,0
fok,pukkɜ,Ug
0,0,0
0,0,0
0,0,0
0,0,0
0,0,0
0,0,0
0,0,0
0,0,0
0,0,0
rokkan-,rȣkkɜ-,Ug
0,0,0
0,0,0
0,0,0
0,0,0
ѕzó,sawɜ,Ug
0,0,0
0,0,0
0,0,0
szél,selɜ,Ug
szëg,seŋkɜ,Ug
0,0,0
0,0,0
0,0,0
szalu,sȣlkɜ  (sȣlγɜ),Ug
száguld-,sȣŋɜ-,Ug
szár,sȣrɜ,Ug
titok,tajɜ-ttɜ-,Ug
0,0,0
0,0,0
0,0,0
0,0,0
0,0,0
0,0,0
0,0,0
0,0,0
0,0,0
0,0,0
0,0,0
0,0,0
0,0,0
0,0,0
0,0,0
0,0,0
0,0,0
ajtó,ȣjɜ-,Ug
0,0,0
0,0,0
0,0,0
